3841975524
3841975524
3841975524
3841975524
3841975524
3841975524
3841975524
3841975524
3841975524
3841975524
3841975524
3841975524
3841975524
3841975524
3841975524
3841975524
3841975524
3841975524
3841975524
3841975524
3841975524
3841975524
3841975524
3841975524
3841975524
3841975524
3841975524
3841975524
3841975524
3841975524
3841975524
3841975524
3841975524
3841975524
3841975524
3841975524
3841975524
3841975524
3841975524
3841975524
3841975524
3841975524
3841975524
3841975524
3841975524
3841975524
3841975524
3841975524
3841975524
3841975524
3841975524
3841975524
3841975524
3841975524
3841975524
3841975524
3841975524
3841975524
3841975524
3841975524
3841975524
3841975524
3841975524
3841975524
3841975524
3841975524
3841975524
3841975524
3841975524
3841975524
3841975524
3841975524
3841975524
3841975524
3841975524
3841975524
3841975524
3841975524
3841975524
3841975524
3841975524
3841975524
3841975524
3841975524
3841975524
3841975524
3841975524
3841975524
3841975524
3841975524
3841975524
3841975524
3841975524
3841975524
3841975524
3841975524
3841975524
3841975524
3841975524
3841975524
3841975524
3841975524
3841975524
3841975524
3841975524
3841975524
3841975524
3841975524
3841975524
3841975524
3841975524
3841975524
3841975524
3841975524
3841975524
3841975524
3841975524
3841975524
3841975524
3841975524
3841975524
3841975524
3841975524
3841975524
3841975524
3841975524
3841975524
3841975524
3841975524
3841975524
3841975524
3841975524
3841975524
3841975524
3841975524
3841975524
3841975524
3841975524
3841975524
3841975524
3841975524
3841975524
3841975524
3841975524
3841975524
3841975524
3841975524
3841975524
3841975524
3841975524
3841975524
3841975524
3841975524
3841975524
3841975524
3841975524
3841975524
3841975524
3841975524
3841975524
3841975524
3841975524
3841975524
3841975524
3841975524
3841975524
3841975524
3841975524
3841975524
3841975524
3841975524
3841975524
3841975524
3841975524
3841975524
3841975524
3841975524
3841975524
3841975524
3841975524
3841975524
3841975524
3841975524
3841975524
3841975524
3841975524
3841975524
3841975524
3841975524
3841975524
3841975524
3841975524
3841975524
3841975524
3841975524
3841975524
3841975524
3841975524
3841975524
3841975524
3841975524
3841975524
3841975524
3841975524
3841975524
3841975524
3841975524
3841975524
3841975524
3841975524
3841975524
3841975524
3841975524
3841975524
3841975524
3841975524
3841975524
3841975524
3841975524
3841975524
3841975524
3841975524
3841975524
3841975524
3841975524
3841975524
3841975524
3841975524
3841975524
3841975524
3841975524
3841975524
3841975524
3841975524
3841975524
3841975524
3841975524
3841975524
3841975524
3841975524
3841975524
3841975524
3841975524
3841975524
3841975524
3841975524
3841975524
3841975524
3841975524
3841975524
3841975524
3841975524
3841975524
3841975524
3841975524
3841975524
3841975524
3841975524
3841975524
3841975524
3841975524
3841975524
3841975524
3841975524
3841975524
3841975524
3841975524
3841975524
3841975524
3841975524
3841975524
3841975524
3841975524
3841975524
3841975524
3841975524
3841975524
3841975524
3841975524
3841975524
3841975524
3841975524
3841975524
3841975524
3841975524
3841975524
3841975524
3841975524
3841975524
3841975524
3841975524
3841975524
3841975524
3841975524
3841975524
3841975524
3841975524
3841975524
3841975524
3841975524
3841975524
3841975524
3841975524
3841975524
3841975524
3841975524
3841975524
3841975524
3841975524
3841975524
3841975524
3841975524
3841975524
3841975524
3841975524
3841975524
3841975524
3841975524
3841975524
3841975524
3841975524
3841975524
3841975524
3841975524
3841975524
3841975524
3841975524
3841975524
3841975524
3841975524
3841975524
3841975524
3841975524
3841975524
3841975524
3841975524
3841975524
3841975524
3841975524
3841975524
3841975524
3841975524
3454526692
1854524365
1467365203
1501051221
1501182551
1501182807
1501182807
1467628631
1585791582
1619608673
1653425763
1687045988
1737575271
1838568814
2006868857
2057332604
1956339574
1821725805
1687112549
1653426274
1332562018
1383156836
1197427038
1214264906
1535196761
1602634333
1636451424
1653294433
1670202722
1687045731
1720665956
1754286181
1754286181
1720600420
1670071650
1636385633
1619477087
1602568542
1585660252
1485129049
1519142748
1552828766
1586514783
1603423584
1467696988
1501116757
1551645786
1568554332
1585397341
1602174557
1602174558
1602174558
1585331805
1585331805
1568488796
1568423260
1551514715
1534671962
1501314393
1535459932
1602765664
1636451425
1653228386
1670005603
1670005860
1686783590
1720404585
1737182571
1737117035
1720273769
1602307685
1382957151
1399796814
1416640081
1433548626
1433548627
1450325843
1433548627
1433483091
1416705874
1416640081
1399731793
1366111567
1433745748
1551777628
1602305887
1635991649
1652834658
1669612131
1686455140
1736984166
1821068395
1955747442
2056674679
2073517688
2006211189
1888375406
1770605416
1686389860
1652703842
1635860833
1635795553
1669416290
1719879780
1787120999
1820741737
1803898984
1736526949
1517504095
1197293658
1163672405
1130052435
1400061270
1433877848
1467497561
1467366490
1517894488
1568423260
1602109022
1619017567
1635860576
1635926113
1652769121
1652769121
1669546338
1669546338
1669546338
1669546338
1652703585
1635926113
1619083360
1619017567
1602174815
1585331806
1568489053
1568423260
1551514971
1534671962
0x10e591000
3841975524
3841975524
3841975524
3841975524
3841975524
3841975524
3841975524
3841975524
3841975524
3841975524
3841975524
3841975524
3841975524
3841975524
3841975524
3841975524
3841975524
3841975524
3841975524
3841975524
3841975524
3841975524
3841975524
3841975524
3841975524
3841975524
3841975524
3841975524
3841975524
3841975524
3841975524
3841975524
3841975524
3841975524
3841975524
3841975524
3841975524
3841975524
3841975524
3841975524
3841975524
3841975524
3841975524
3841975524
3841975524
3841975524
3841975524
3841975524
3841975524
3841975524
3841975524
3841975524
3841975524
3841975524
3841975524
3841975524
3841975524
3841975524
3841975524
3841975524
3841975524
3841975524
3841975524
3841975524
3841975524
3841975524
3841975524
3841975524
3841975524
3841975524
3841975524
3841975524
3841975524
3841975524
3841975524
3841975524
3841975524
3841975524
3841975524
3841975524
3841975524
3841975524
3841975524
3841975524
3841975524
3841975524
3841975524
3841975524
3841975524
3841975524
3841975524
3841975524
3841975524
3841975524
3841975524
3841975524
3841975524
3841975524
3841975524
3841975524
3841975524
3841975524
3841975524
3841975524
3841975524
3841975524
3841975524
3841975524
3841975524
3841975524
3841975524
3841975524
3841975524
3841975524
3841975524
3841975524
3841975524
3841975524
3841975524
3841975524
3841975524
3841975524
3841975524
3841975524
3841975524
3841975524
3841975524
3841975524
3841975524
3841975524
3841975524
3841975524
3841975524
3841975524
3841975524
3841975524
3841975524
3841975524
3841975524
3841975524
3841975524
3841975524
3841975524
3841975524
3841975524
3841975524
3841975524
3841975524
3841975524
3841975524
3841975524
3841975524
3841975524
3841975524
3841975524
3841975524
3841975524
3841975524
3841975524
3841975524
3841975524
3841975524
3841975524
3841975524
3841975524
3841975524
3841975524
3841975524
3841975524
3841975524
3841975524
3841975524
3841975524
3841975524
3841975524
3841975524
3841975524
3841975524
3841975524
3841975524
3841975524
3841975524
3841975524
3841975524
3841975524
3841975524
3841975524
3841975524
3841975524
3841975524
3841975524
3841975524
3841975524
3841975524
3841975524
3841975524
3841975524
3841975524
3841975524
3841975524
3841975524
3841975524
3841975524
3841975524
3841975524
3841975524
3841975524
3841975524
3841975524
3841975524
3841975524
3841975524
3841975524
3841975524
3841975524
3841975524
3841975524
3841975524
3841975524
3841975524
3841975524
3841975524
3841975524
3841975524
3841975524
3841975524
3841975524
3841975524
3841975524
3841975524
3841975524
3841975524
3841975524
3841975524
3841975524
3841975524
3841975524
3841975524
3841975524
3841975524
3841975524
3841975524
3841975524
3841975524
3841975524
3841975524
3841975524
3841975524
3841975524
3841975524
3841975524
3841975524
3841975524
3841975524
3841975524
3841975524
3841975524
3841975524
3841975524
3841975524
3841975524
3841975524
3841975524
3841975524
3841975524
3841975524
3841975524
3841975524
3841975524
3841975524
3841975524
3841975524
3841975524
3841975524
3841975524
3841975524
3841975524
3841975524
3841975524
3841975524
3841975524
3841975524
3841975524
3841975524
3841975524
3841975524
3841975524
3841975524
3841975524
3841975524
3841975524
3841975524
3841975524
3841975524
3841975524
3841975524
3841975524
3841975524
3841975524
3841975524
3841975524
3841975524
3841975524
3841975524
3841975524
3841975524
3841975524
3841975524
3841975524
3841975524
3841975524
3841975524
3841975524
3841975524
3841975524
3841975524
3841975524
3841975524
3841975524
3841975524
3841975524
3841975524
3841975524
3841975524
3841975524
3841975524
3841975524
3841975524
3841975524
3841975524
3841975524
3841975524
3841975524
3841975524
3841975524
3841975524
3841975524
3841975524
3841975524
3841975524
3841975524
3841975524
3841975524
3841975524
3841975524
3841975524
3841975524
3841975524
3841975524
3841975524
3841975524
3841975524
3841975524
3841975524
3841975524
3841975524
3841975524
3841975524
3841975524
3841975524
3841975524
3841975524
3841975524
3841975524
3841975524
3841975524
3841975524
3841975524
3841975524
3841975524
3841975524
3841975524
3841975524
3841975524
3841975524
3841975524
3841975524
3841975524
3841975524
3841975524
3841975524
3841975524
3841975524
3841975524
3841975524
3841975524
3841975524
3841975524
3841975524
3841975524
3841975524
3841975524
3841975524
3841975524
3841975524
3841975524
3841975524
3841975524
3841975524
3841975524
3841975524
3841975524
3841975524
3841975524
3841975524
3841975524
3841975524
3841975524
3841975524
3841975524
3841975524
3841975524
3841975524
3841975524
3841975524
3841975524
3841975524
3841975524
3841975524
3841975524
3841975524
3841975524
3841975524
3841975524
3841975524
3841975524
3841975524
3841975524
3841975524
3841975524
3841975524
3841975524
3841975524
3841975524
3841975524
3841975524
3841975524
3841975524
3841975524
3841975524
3841975524
3841975524
3841975524
3841975524
3841975524
3841975524
3841975524
3841975524
3841975524
3841975524
3841975524
3841975524
3841975524
3841975524
3841975524
3841975524
3841975524
3841975524
3841975524
3841975524
3841975524
3841975524
3841975524
3841975524
3841975524
3841975524
3841975524
3841975524
3841975524
3841975524
3841975524
3841975524
3841975524
3841975524
3841975524
3841975524
3841975524
3841975524
3841975524
3841975524
0x10e8a5000
